image_width: 1920
image_height: 1080
camera_name: cam
camera_matrix:
  rows: 3
  cols: 3
  data: [1037.286354444401, 0.0, 946.0673972084953, 0.0, 1043.4288463759349, 490.2340677407784, 0.0, 0.0, 1.0]
distortion_model: plumb_bob
distortion_coefficients:
  rows: 1
  cols: 5
  data: [-0.2766049460625107, 0.06972195251711784, 0.00018442181342890202, -0.0009009324579596044, 0.0]
rectification_matrix:
  rows: 3
  cols: 3
  data: [1.0, 0.0, 0.0, 0.0, 1.0, 0.0, 0.0, 0.0, 1.0]
projection_matrix:
  rows: 3
  cols: 4
  data: [764.5274047851562, 0.0, 935.2470882183407, 0.0, 0.0, 955.5250854492188, 480.58773266456774, 0.0, 0.0, 0.0, 1.0, 0.0]
